7.72465835407 7.72465582969 -0.352484929953 0:
7.72738537754 7.72738285227 -0.199923689212 0:
7.77035246829 7.63591147935 -0.352814962988 0:
7.73745209656 7.60358034286 -0.19975240422 0:
39.8736847478 27.1490099147 0.343693585041 0:
14.3665112079 8.80381503534 -0.596486828686 0:
14.4084714479 8.65748173763 -0.596959375819 0:
14.3885022653 8.64548304403 -0.361559811216 0:
14.2916398291 8.50263714152 0.105321576017 0:
14.3456445579 8.45022228254 -0.593148879264 0:
14.3513819368 8.45360185372 -0.360627511293 0:
14.4533954962 8.3446761049 -0.596438878801 0:
14.4678567617 8.35302532479 -0.363577564758 0:
14.4908183223 8.19850806626 -0.596866683875 0:
36.9924671817 20.9293246133 -1.52369388146 0:
14.4966589668 8.20181254294 -0.364348474203 0:
37.2075112497 21.0509906564 -0.935146504016 0:
37.3590900533 20.9221052165 -0.341033287161 0:
37.4643005147 20.9810259327 0.257561163554 0:
49.6179499365 27.787399739 0.341115588526 0:
57.9102464927 28.5581783151 0.344532262533 0:
73.7373609527 35.5666551155 -0.715222777464 0:
58.3104155499 28.1255853574 0.338358832573 0:
74.0267449812 34.9133124689 -0.723975090445 0:
74.364862969 34.2826723138 -0.733235718788 0:
77.9812483702 34.3125986655 -0.78132928013 0:
77.9287142044 34.2894830604 0.407987615754 0:
108.899636736 46.7869696986 -1.0997660102 0:
83.1973208976 34.8874924623 -0.846796997361 0:
83.2001144639 34.8886639005 0.412897606234 0:
60.522439137 21.1353899993 -0.649423192901 0:
56.4277839705 19.7054718551 0.22907453889 0:
60.6195082608 21.1692880678 0.246091285631 0:
56.7207252029 19.2540768865 0.223283920905 0:
57.4338788136 15.927822149 -1.48271575692 0:
57.4353575086 15.3897337889 -1.48532884248 0:
142.242191595 37.4492339273 0.426507449927 0:
57.7318460585 14.9304864875 -1.49566838726 0:
108.252988164 27.4927084125 0.312470237787 0:
201.697989418 40.1203208449 0.451020935938 0:
44.6818554007 7.67776527218 -0.547099968563 0:
44.7145949986 7.68339097742 0.0860069500875 0:
51.4619070682 8.38110610876 0.0937085645519 0:
103.113870288 5.85522981033 0.0666191069003 0:
100.833622027 3.08074963068 -1.37176914905 0:
88.390675505 1.92869001663 -1.21038778424 0:
88.4889337454 1.93083401752 0.0241786304393 0:
38.439392578 0.670962380867 -1.06513272155 0:
75.8962886286 0.993539165813 -1.04611295909 0:
37.7839661212 0.329735818274 -1.0503230175 0:
37.2355224796 0.0 -1.03844387082 0:
37.415995454 -0.163258997358 -0.522523381701 0:
36.6842461085 -0.320138703003 -1.02644954028 0:
36.1902299793 -0.631703084844 -1.0160242391 0:
36.1777680234 -0.789401140019 -0.511904954225 0:
35.7535653581 -0.936238670815 -1.00718485707 0:
35.7596882427 -1.09255865387 -0.509325409415 0:
35.7839029412 -1.24960196211 -1.01152618959 0:
35.8586506092 -1.40888992617 -0.514106666649 0:
35.9712747433 -1.57053864487 -1.02039291838 0:
36.0047435924 -1.72943349708 -0.519613916273 0:
36.0659136571 -1.89013525413 -1.02672332987 0:
36.1978747658 -2.05546426303 -0.525860344899 0:
36.2973876058 -2.22004246276 -1.03704602401 0:
42.7979419274 -2.99272492351 -1.22725885933 0:
42.4782808036 -3.15668183644 -0.625315722071 0:
42.5426819504 -3.16146766878 -0.0305719877632 0:
43.3879233471 -3.41470290965 -1.24880409445 0:
43.5152707709 -3.61583843657 -0.644842719844 0:
42.5134707289 -3.53259531218 -0.0343065710622 0:
58.6179640946 -4.87077487723 -0.0473022154215 0:
58.4970854749 -5.37512789716 -0.872634534734 0:
61.853142249 -6.7740158868 -0.935095016658 0:
61.980252345 -7.33586360289 -0.943305067079 0:
62.0328273603 -7.89154901165 -0.950465089958 0:
56.5619277234 -7.69773954234 -0.872489630161 0:
62.2290187477 -8.46899668338 -0.959906702932 0:
56.4991243264 -7.68919237622 -0.0753057219083 0:
62.3604627193 -9.04185821425 -0.968446936885 0:
62.5558177055 -9.62824140996 -0.978079006686 0:
48.2681662518 -7.86097224293 -0.759830302169 0:
48.3430218596 -7.8731632562 -0.0770572634128 0:
48.0505898025 -8.0408972869 -1.43957995815 0:
48.1779551025 -8.27850650457 -0.763591639555 0:
48.2133329583 -8.28458554649 -0.081039367335 0:
52.4035490431 -9.47609190357 -0.836259480887 0:
50.7725342295 -9.41015550835 -1.53438626782 0:
50.033361851 -9.95227833555 -0.809479966708 0:
21.7628894748 -4.72519029375 -0.0460260443343 0:
46.7213177274 -10.1442006262 -0.0988102909574 0:
22.0624476181 -4.89112325933 -0.994845896856 0:
22.0836165592 -4.8958162971 -0.679531051305 0:
45.7083674141 -10.3427245572 -0.755047725752 0:
44.7403813204 -10.5349554279 -0.74424017251 0:
44.4559338557 -10.6729043217 -1.38081800143 0:
44.1222271221 -10.7966509438 -0.739122574978 0:
43.81787627 -10.9250191448 -1.36750717483 0:
40.6828798489 -10.332117127 -0.686325630162 0:
43.3866729594 -11.0187918956 -0.731938981952 0:
43.198202359 -11.1718266544 -1.35469633143 0:
42.8053472369 -11.269704467 -0.727261406461 0:
66.5809115944 -17.5292865319 -0.169779108434 0:
42.5776119957 -11.4086190529 -1.34177794313 0:
42.2422777476 -11.5165798717 -0.722813082081 0:
66.6665830164 -18.1754173549 -0.175820614284 0:
41.9754728587 -11.6408273326 -1.32936725534 0:
41.6397147948 -11.7435980756 -0.717604377905 0:
66.8519175689 -18.8541649333 -0.182159335798 0:
41.449429399 -11.8854469626 -1.31930019184 0:
41.0748304599 -11.9722211394 -0.712968218457 0:
41.1140336589 -12.178516997 -1.31527945536 0:
41.1697951125 -12.3907176607 -0.719782082168 0:
42.6501575255 -13.0394629913 -1.37144739114 0:
42.5878708444 -13.2238715746 -0.749985009786 0:
42.6109003924 -13.4351831308 -1.37732421417 0:
42.5564946019 -13.6224440324 -0.754907795123 0:
42.8917279155 -14.1435903176 -0.766439396749 0:
57.2964748652 -20.0088324121 -0.191555528946 0:
29.5469272004 -10.4631088948 -0.975728070995 0:
29.3979879772 -10.5549718842 -0.537095353026 0:
57.1855465392 -20.5317396677 -0.196298813318 0:
57.0886347086 -21.0610980108 -0.201091237476 0:
57.220593061 -21.6789552222 -0.206712888619 0:
39.0975043522 -15.2041669342 -0.144780069582 0:
90.2364808433 -35.0909998229 -0.334150329844 0:
39.1897724451 -15.6351287196 -0.737892693472 0:
38.7834193739 -15.8667267129 -0.735843114024 0:
38.6157811178 -16.1929225381 -0.738314526973 0:
38.849593778 -16.6911003689 -0.748553112687 0:
70.4235448159 -30.987126782 -0.293102990462 0:
62.0347760799 -28.598424249 -0.2697910098 0:
61.5838429668 -29.0448533578 -0.273640036313 0:
33.9636896266 -17.4924400959 -0.697442785606 0:
33.9423658089 -17.4814576141 -0.163838276764 0:
33.9512745823 -17.8626354152 -0.702929771196 0:
37.0098289452 -19.471819228 -0.182256419657 0:
55.5943915431 -29.2496337614 -0.273776859944 0:
20.4271735933 -10.8613158687 -1.07144602661 0:
27.9042282148 -14.8369345043 -1.02167619782 0:
28.166116447 -15.1342179387 -0.587989522549 0:
28.1089409695 -15.1034964106 -0.141186929838 0:
19.9979559565 -10.858008393 -1.05537258856 0:
28.0107821262 -15.2086197251 -1.03250701424 0:
19.6577582616 -10.8964609216 -1.04387715399 0:
36.429181923 -20.4013314044 -0.773292535595 0:
19.4575282972 -11.0085365192 -1.03976741172 0:
36.3365365227 -20.7680198026 -0.777860536297 0:
19.2828008976 -11.1329360584 -1.03702664496 0:
19.0815812609 -11.2398995044 -1.03286771422 0:
19.3418487266 -11.5071974479 -0.421182540261 0:
19.3020473765 -11.4835181192 -0.106670898375 0:
18.9912711817 -11.4111051977 -1.03474492928 0:
19.2074138567 -11.5409767991 -0.733149003587 0:
19.155202784 -11.6236521372 -0.420734234487 0:
19.1669066977 -11.6307542401 -0.107904801414 0:
18.8227719265 -11.5346168667 -1.03241016118 0:
18.6789946002 -11.6719218835 -1.03145541516 0:
18.5763695022 -11.8344523835 -1.03282762437 0:
18.4974630146 -12.012402058 -1.03559587631 0:
18.3335793182 -12.1347235415 -1.03366046345 0:
18.2931802855 -12.3389073485 -1.03875910918 0:
18.2506087044 -12.5433068106 -1.04385639561 0:
18.1731408626 -12.7249637738 -1.04706644613 0:
18.2565188103 -13.0222514939 -1.05971078964 0:
46.4700650503 -33.4536452434 -0.307040963566 0:
43.5554872709 -32.524458898 -0.297828795967 0:
43.3496095067 -32.9637990405 -0.301510259098 0:
30.7630412946 -25.5853317177 -0.791511972854 0:
30.2360051151 -26.0530261888 -0.793864649946 0:
29.9849355385 -26.2960659254 -0.795397761903 0:
30.0824789864 -26.8496410574 -0.806308328316 0:
30.1849313369 -26.9410832832 -0.244032201196 0:
29.75817993 -27.0304487446 -0.80601979812 0:
29.8302278626 -27.0958925302 -0.245180866464 0:
28.8016606513 -26.6239676177 -0.788411072762 0:
28.429827535 -26.7441165223 -0.786598864534 0:
28.5853198094 -27.3645153781 -0.799493286231 0:
28.0732839225 -27.3477718074 -0.793792780199 0:
27.8903288646 -27.6480045035 -0.797372434563 0:
7.70003683398 7.70003431765 -0.10490120312 0:
7.68617992379 7.68617741198 0.0470634745567 0:
29.628284682 26.212911041 0.204062629835 0:
39.77964541 27.3398167303 0.327310569278 0:
39.9735044396 27.2169746844 1.00604763511 0:
14.188266689 8.6096439846 0.35653726189 0:
14.1911716581 8.61140676157 0.588575021508 0:
14.2799982928 8.58028729002 0.126169638724 0:
14.1940823779 8.44459652351 0.356672124209 0:
14.1970076692 8.44633688998 0.587593720639 0:
14.4578560526 8.51631984047 -0.105331563252 0:
14.258566007 8.31534803952 0.35830490772 0:
14.2614874926 8.31705179923 0.589087316508 0:
37.3636880731 21.139351225 -0.259891051621 0:
37.4589403639 21.193242362 0.3403894819 0:
49.5303972145 28.02294198 0.450082839566 0:
57.8464390662 28.8411524248 0.554088587047 0:
58.0778713889 28.3264989116 0.560994067798 0:
73.9568476437 35.2756105001 -0.423781138561 0:
74.2528561404 34.6246471635 -0.414805721344 0:
112.006341367 41.8773916369 -0.4898604915 0:
60.5522189754 21.442651436 0.647361218851 0:
56.7987862381 19.8350316965 1.44975842248 0:
56.4256146204 19.4289251154 0.607687066499 0:
142.038789152 38.05911981 -0.433907157833 0:
142.375204818 36.8207708018 -0.418916020045 0:
108.222533262 27.9882799672 1.24240848238 0:
201.576260712 41.0111823046 2.41090092197 0:
44.6104065423 8.06686417178 1.80948350839 0:
44.6707945885 7.87666978092 -0.0882269587702 0:
44.7070428466 7.88306132964 0.54558590728 0:
44.6896759837 7.67910909731 1.18056933162 0:
44.5509024822 7.6552633917 1.80876488881 0:
44.7871549106 7.49478651333 -0.0838458845578 0:
51.3619862662 8.5950340613 0.630996257118 0:
51.2964264195 8.35415586624 1.35824016885 0:
51.2727089262 8.3502932261 2.08375200209 0:
51.5770033329 8.16901422705 -0.0912893909018 0:
283.50561158 44.9029843687 -0.501794461211 0:
321.579717971 42.3368731862 4.05691489088 0:
103.107300143 6.30631016822 -0.071478842496 0:
103.018402016 6.30087292795 1.36976144805 0:
88.5096551309 2.31770345262 -0.0282720610796 0:
75.9284320017 1.32533627861 -0.0172483279917 0:
78.5630200588 1.02844867415 2.18040651231 0:
47.4111748594 0.206871440334 1.32007676391 0:
47.2582372824 0.206204120511 1.97648395418 0:
47.3199999543 0.0 -0.00207976131933 0:
47.445403825 0.0 0.660420990602 0:
47.4210502779 -0.206914530218 1.32467993143 0:
47.0882075794 -0.205462221799 1.97367480568 0:
68.758974021 -0.300019310507 2.88199236424 0:
68.7534757846 -0.900034405002 2.88823572663 0:
71.2798910222 -1.55533163895 3.00127961977 0:
65.8806352878 -2.01283796765 2.78051746843 0:
66.3222640274 -2.60580830795 1.87804615152 0:
60.1298563871 -2.36250799979 2.54397854048 0:
69.2668518669 -3.02425389264 0.996353774422 0:
65.8175770347 -3.16144793888 1.87034761843 0:
57.8014515359 -2.77640545361 2.45156543862 0:
56.9069857442 -3.23141279068 2.41980265534 0:
59.9867729825 -3.93173799592 1.7170042167 0:
56.1187189131 -3.67821252024 2.39253844544 0:
57.2984299492 -4.25800926156 1.64611132357 0:
56.2038352951 -4.17666682025 2.40259284928 0:
57.5289744715 -4.27514168058 2.45923969363 0:
42.518512044 -3.34627877046 0.0324338717739 0:
58.552577474 -4.60818682352 0.864803649342 0:
52.1923643612 -4.33684896841 2.23724013274 0:
58.6260367216 -5.12911581001 0.0498931417231 0:
58.4195270439 -5.36800127739 1.69101219624 0:
51.9633070319 -4.7747579044 2.23367617696 0:
52.5720711424 -5.2937062637 1.52761572205 0:
52.2673898901 -5.26302660778 2.25319883739 0:
61.2426248052 -6.4368744086 0.062887332469 0:
56.0726575624 -6.14095031121 2.42433561217 0:
140.646167701 -17.892399443 4.13559587495 0:
49.3460101673 -6.27758679292 2.1464586245 0:
114.617536995 -15.0897207053 1.7620846385 0:
49.2150715245 -6.69787642328 1.45302658348 0:
48.2247518204 -6.9922728178 1.42966174355 0:
48.4878011187 -7.46297101905 1.44347020725 0:
48.6929752599 -7.71222796888 0.0754989764894 0:
48.7168147689 -7.71600378516 0.764293371857 0:
47.8879606014 -7.7990518035 1.4316495412 0:
48.2194424294 -8.06915347763 0.0789553600795 0:
48.2235165764 -8.06983525485 0.761713832676 0:
48.1233465543 -8.26912301743 1.44486017975 0:
48.0003113543 -8.24798165307 2.12212359189 0:
52.0623607694 -9.41439510064 1.56992229355 0:
48.7914715395 -8.82292281461 2.16454106294 0:
51.3868671645 -9.29224613177 2.27968086561 0:
51.8111497543 -9.83665978842 1.56923081378 0:
52.1869940425 -9.90801609713 2.32331010236 0:
52.2159347354 -10.3864201167 2.33292453071 0:
51.4188950654 -10.6951355174 2.30569003121 0:
46.8922948396 -9.96728896353 0.0971359615349 0:
52.0361085337 -11.2981557552 2.34202587497 0:
41.8386455617 -9.2753975437 0.688721984688 0:
41.1603381934 -9.31361290502 1.26947802808 0:
51.0778869599 -11.5577200779 2.30758971838 0:
41.1670348535 -9.50416742324 0.092428138776 0:
41.190991911 -9.50969835073 0.682805000176 0:
41.038475108 -9.66327271539 1.27166081983 0:
41.1630572386 -9.69260789661 1.8668076846 0:
50.7998608586 -11.9617726558 2.30385148698 0:
40.9897208604 -9.8407418532 0.684239406385 0:
41.1660809404 -10.0732858613 1.28167545254 0:
41.2029095784 -10.0822977806 1.87593009983 0:
40.7858078595 -10.1690398904 0.685642000421 0:
49.8664813983 -12.6644507084 2.27941247023 0:
66.5502684284 -17.2110880102 0.166798133717 0:
66.8125716528 -17.2789243089 1.13112504323 0:
49.0872816709 -12.9235993452 2.25287774255 0:
66.890958518 -17.9233505132 1.14051520265 0:
66.8179132637 -18.5302448801 0.179141770916 0:
67.040229493 -18.5918986189 1.15123206423 0:
67.2213472238 -19.2754343972 1.16262900809 0:
67.3572857851 -19.952113106 1.17338581215 0:
36.3784715365 -11.2958038554 1.70543951192 0:
36.3164425551 -11.6249872267 1.71013804234 0:
36.2988732264 -11.9695898686 1.71706752098 0:
29.4668248757 -10.4347431923 0.0998311411043 0:
29.3966634655 -10.40989775 0.5350756285 0:
29.2469566475 -10.5007460154 0.968483338383 0:
29.2877921885 -10.5154074945 1.40496759747 0:
39.2568302026 -15.069278807 0.143592060932 0:
40.2493029282 -15.6520762858 1.95934217029 0:
40.649198259 -16.2173803897 1.98880722999 0:
40.4690069049 -16.5563192536 1.99014394064 0:
82.3815232677 -34.9689083973 1.58119246185 0:
39.2558041637 -16.865622099 1.95077694138 0:
71.4201415334 -31.0543295804 0.293934776965 0:
62.0544107061 -28.9364232882 0.272798821664 0:
65.7474519823 -31.0085407062 2.32289928834 0:
65.7207443558 -30.9959445598 3.33808061052 0:
64.2048937092 -30.9687420567 2.28277007444 0:
65.4832300674 -31.5853378744 2.32822062837 0:
64.3948645642 -31.0603730534 3.28930745543 0:
62.1123332494 -30.6304185517 2.22252506383 0:
34.4930037216 -17.0100700751 1.77206385384 0:
34.2815901151 -17.2793621846 1.23463422631 0:
34.28961609 -17.2834076133 1.77190566165 0:
34.1519687579 -17.4013016187 0.163192931664 0:
34.0842494906 -17.3667969199 0.69706628233 0:
34.1294331131 -17.5778035544 1.23722171975 0:
33.9953001705 -17.508720587 1.76710772944 0:
34.0697594094 -17.7356139017 0.166112361491 0:
55.6416560206 -28.9652449897 0.271289467231 0:
55.9521428764 -29.1268743963 1.15368775905 0:
55.8401542099 -29.378935797 2.0376970449 0:
34.0709550255 -17.9256023627 1.78168560189 0:
55.7830114715 -29.3488715383 2.91708255006 0:
55.5015561494 -29.5106873102 0.276042516779 0:
55.5633670147 -29.5435527151 1.15513590248 0:
28.1121177044 -15.1052033339 1.03274896173 0:
28.1054748852 -15.1016340142 1.47869252267 0:
28.0955014711 -15.2546185942 0.142508360658 0:
28.0998009146 -15.2569530024 0.589044683835 0:
55.5815680898 -30.4930808782 2.05577412074 0:
55.6122904278 -30.5099357237 2.94397274246 0:
55.3364935131 -30.6734842845 1.16972112817 0:
55.4701908059 -31.0648135906 2.06576584703 0:
55.4483343861 -31.0525734018 2.95369242322 0:
55.4321222234 -31.3619763267 1.18163729185 0:
55.3357324478 -31.6269434912 2.07510478449 0:
55.2965117082 -31.6045270152 2.96433214268 0:
55.3121099884 -31.9344781408 1.18911500758 0:
55.1783773733 -32.1790712959 2.08378045576 0:
55.1564953483 -32.166310079 2.97588924388 0:
55.2035773831 -32.5173607777 1.19695119325 0:
19.3177305205 -11.4928486148 0.734723250546 0:
55.0585382998 -32.7564071236 2.09407560516 0:
19.3327856106 -11.5018054574 1.0498913072 0:
19.2174720108 -11.5470203469 0.107194319789 0:
19.214315891 -11.5451239591 0.420211389511 0:
19.1483135028 -11.6194716224 0.733532013599 0:
19.1803902729 -11.6389362672 1.0485187406 0:
19.2151071808 -11.7750403738 0.423887044332 0:
54.7587239482 -33.8857237279 2.1130023653 0:
54.7877587636 -33.9036910153 3.01516586547 0:
54.7911240522 -34.2372667017 1.21930057497 0:
54.6298641804 -34.4689014693 2.12359862701 0:
54.6585993283 -34.4870320101 3.02855454035 0:
54.6757014667 -34.832262863 1.22749051706 0:
54.4782066976 -35.0415346226 2.13352907448 0:
33.1509315574 -21.3233802351 1.84953838164 0:
54.4562438811 -35.0274076746 3.03819254684 0:
54.4869711682 -35.3842796754 1.23414941189 0:
54.3708180457 -35.6470721787 2.14543471886 0:
33.7988518071 -22.1594994012 1.8988951543 0:
54.4095199723 -36.012852233 1.24346709819 0:
33.074412227 -22.0996337695 1.31508292273 0:
33.5044186236 -22.3869550926 1.89572529032 0:
54.2257268785 -36.5757188974 1.25049255728 0:
32.8554640429 -22.3704762852 1.31650039778 0:
54.095443438 -36.8322551459 2.16757470572 0:
32.2921226973 -21.9869110372 1.84028659411 0:
34.9919125667 -24.0492962357 0.221371849892 0:
54.0692023603 -37.1607657145 1.25827168522 0:
53.9607203553 -37.4338904794 2.17912879687 0:
31.8609118991 -22.1027050557 1.82896751635 0:
33.2069164204 -23.0364617866 1.90623456238 0:
53.9557615803 -37.7802118349 1.26719611505 0:
53.8440874877 -38.0532742086 2.19168077512 0:
30.9162481314 -21.8494643059 1.78787891651 0:
32.9555784831 -23.2907218459 1.90581288198 0:
46.6155878892 -33.2505838237 0.305354108085 0:
46.640131659 -33.2680907289 1.10555781486 0:
29.9953843545 -21.5935774148 1.23074443132 0:
53.6883312716 -38.6500510841 2.20289275037 0:
30.1325415658 -21.692316435 1.75563278406 0:
29.8057391582 -21.8544788437 1.23291025672 0:
53.5423269952 -39.2588704593 2.21477091275 0:
29.8856167008 -21.913047499 1.75449813819 0:
43.7693617834 -32.387612011 0.296744497051 0:
43.8180241785 -32.4236202758 1.05830302768 0:
53.389770838 -39.8680744035 2.22663720021 0:
29.6611501382 -22.1490544357 1.75475356811 0:
53.38366741 -39.8635167529 3.15817763067 0:
46.0805638665 -34.7242083032 0.317791529318 0:
46.040589174 -34.6940852007 1.12258656749 0:
49.6665920929 -37.7673427605 2.0886241131 0:
49.6305869903 -37.7399638526 2.95911530815 0:
43.1736358041 -33.128263717 0.30284410427 0:
43.1026166373 -33.0737688466 1.06106234568 0:
33.0875714349 -25.6191460433 1.40316519111 0:
47.7703294302 -36.9877568262 2.02582602825 0:
32.9029980064 -25.4762339643 1.97732779024 0:
45.8602230222 -36.1532520704 1.9614303694 0:
32.5538458046 -25.6633595668 1.97207988603 0:
44.1554758705 -35.4385098705 1.9048540122 0:
32.3830887779 -25.99017197 1.97773157286 0:
44.1771701851 -35.4559213957 2.69803121234 0:
31.4921526649 -25.7301820647 1.37045665853 0:
42.5674218866 -34.7790615276 1.85242359841 0:
32.3638058791 -26.4423530026 1.99289656244 0:
31.6767267985 -26.1122755821 0.810952070192 0:
31.481530245 -26.182892211 1.38213924815 0:
31.4405857142 -26.1488390303 1.95227746987 0:
40.9249832122 -34.0369231051 2.54120337981 0:
39.9781723486 -33.8440194647 1.7709269156 0:
31.089131226 -26.3188910483 1.94686763921 0:
39.9477801923 -33.8182906064 2.50161511266 0:
39.9742723526 -34.1412299385 1.04420695539 0:
39.8023653919 -34.2959350611 1.77917045063 0:
30.4344341706 -26.2240037158 1.92230222195 0:
39.8105817308 -34.6068111904 1.05061957306 0:
30.2591981315 -26.5365876105 1.36504447851 0:
39.5991989453 -34.7275432599 1.78638798157 0:
29.4533914994 -25.8299146115 1.87660340654 0:
39.6366650519 -34.7604001325 2.52542396219 0:
39.6118468831 -35.0456271654 1.05622113925 0:
29.9816724485 -26.7596677756 1.36513652489 0:
39.4138573894 -35.1782153349 1.79460623491 0:
29.3162049789 -26.1657153057 1.88442781059 0:
30.0002138648 -27.0122983663 0.244550679198 0:
29.8833027138 -26.9070311537 0.805166698146 0:
29.5250120487 -26.8186537867 1.35704553774 0:
29.6633758991 -26.9443347583 1.92389051168 0:
29.7633286681 -27.2730696191 0.246657954198 0:
29.757888364 -27.2680844981 0.810276448127 0:
29.6714459462 -27.4279884624 1.37682401461 0:
29.874480192 -27.6156712926 1.95525760806 0:
39.0317402261 -36.3977173676 1.07416262684 0:
38.8650984444 -36.5606411144 1.82091850817 0:
29.4358375018 -27.6904763883 1.9443734093 0:
38.8576572214 -36.8745232606 1.08092995428 0:
38.6888792213 -37.0365781273 1.83046584675 0:
29.4238820616 -28.1672648244 1.9618248492 0:
38.6781767629 -37.3510907815 1.08768549332 0:
38.5216573063 -37.5261225785 1.84069079395 0:
29.1268235919 -28.3740843168 1.96050672836 0:
38.4648027098 -37.7992928585 1.09362328856 0:
38.2920065179 -37.9593074645 1.84816494084 0:
38.2628543359 -37.9304085705 2.60032377647 0:
7.72465835407 7.72465582969 -0.352484929953 0:
7.72738537754 7.72738285227 -0.199923689212 0:
7.77035246829 7.63591147935 -0.352814962988 0:
7.73745209656 7.60358034286 -0.19975240422 0:
39.8736847478 27.1490099147 0.343693585041 0:
14.3665112079 8.80381503534 -0.596486828686 0:
14.4084714479 8.65748173763 -0.596959375819 0:
14.3885022653 8.64548304403 -0.361559811216 0:
14.2916398291 8.50263714152 0.105321576017 0:
14.3456445579 8.45022228254 -0.593148879264 0:
14.3513819368 8.45360185372 -0.360627511293 0:
14.4533954962 8.3446761049 -0.596438878801 0:
14.4678567617 8.35302532479 -0.363577564758 0:
14.4908183223 8.19850806626 -0.596866683875 0:
36.9924671817 20.9293246133 -1.52369388146 0:
14.4966589668 8.20181254294 -0.364348474203 0:
37.2075112497 21.0509906564 -0.935146504016 0:
37.3590900533 20.9221052165 -0.341033287161 0:
37.4643005147 20.9810259327 0.257561163554 0:
49.6179499365 27.787399739 0.341115588526 0:
57.9102464927 28.5581783151 0.344532262533 0:
73.7373609527 35.5666551155 -0.715222777464 0:
58.3104155499 28.1255853574 0.338358832573 0:
74.0267449812 34.9133124689 -0.723975090445 0:
74.364862969 34.2826723138 -0.733235718788 0:
77.9812483702 34.3125986655 -0.78132928013 0:
77.9287142044 34.2894830604 0.407987615754 0:
108.899636736 46.7869696986 -1.0997660102 0:
83.1973208976 34.8874924623 -0.846796997361 0:
83.2001144639 34.8886639005 0.412897606234 0:
60.522439137 21.1353899993 -0.649423192901 0:
56.4277839705 19.7054718551 0.22907453889 0:
60.6195082608 21.1692880678 0.246091285631 0:
56.7207252029 19.2540768865 0.223283920905 0:
57.4338788136 15.927822149 -1.48271575692 0:
57.4353575086 15.3897337889 -1.48532884248 0:
142.242191595 37.4492339273 0.426507449927 0:
57.7318460585 14.9304864875 -1.49566838726 0:
108.252988164 27.4927084125 0.312470237787 0:
201.697989418 40.1203208449 0.451020935938 0:
44.6818554007 7.67776527218 -0.547099968563 0:
44.7145949986 7.68339097742 0.0860069500875 0:
51.4619070682 8.38110610876 0.0937085645519 0:
103.113870288 5.85522981033 0.0666191069003 0:
100.833622027 3.08074963068 -1.37176914905 0:
88.390675505 1.92869001663 -1.21038778424 0:
88.4889337454 1.93083401752 0.0241786304393 0:
38.439392578 0.670962380867 -1.06513272155 0:
75.8962886286 0.993539165813 -1.04611295909 0:
37.7839661212 0.329735818274 -1.0503230175 0:
37.2355224796 0.0 -1.03844387082 0:
37.415995454 -0.163258997358 -0.522523381701 0:
36.6842461085 -0.320138703003 -1.02644954028 0:
36.1902299793 -0.631703084844 -1.0160242391 0:
36.1777680234 -0.789401140019 -0.511904954225 0:
35.7535653581 -0.936238670815 -1.00718485707 0:
35.7596882427 -1.09255865387 -0.509325409415 0:
35.7839029412 -1.24960196211 -1.01152618959 0:
35.8586506092 -1.40888992617 -0.514106666649 0:
35.9712747433 -1.57053864487 -1.02039291838 0:
36.0047435924 -1.72943349708 -0.519613916273 0:
36.0659136571 -1.89013525413 -1.02672332987 0:
36.1978747658 -2.05546426303 -0.525860344899 0:
36.2973876058 -2.22004246276 -1.03704602401 0:
42.7979419274 -2.99272492351 -1.22725885933 0:
42.4782808036 -3.15668183644 -0.625315722071 0:
42.5426819504 -3.16146766878 -0.0305719877632 0:
43.3879233471 -3.41470290965 -1.24880409445 0:
43.5152707709 -3.61583843657 -0.644842719844 0:
42.5134707289 -3.53259531218 -0.0343065710622 0:
58.6179640946 -4.87077487723 -0.0473022154215 0:
58.4970854749 -5.37512789716 -0.872634534734 0:
61.853142249 -6.7740158868 -0.935095016658 0:
61.980252345 -7.33586360289 -0.943305067079 0:
62.0328273603 -7.89154901165 -0.950465089958 0:
56.5619277234 -7.69773954234 -0.872489630161 0:
62.2290187477 -8.46899668338 -0.959906702932 0:
56.4991243264 -7.68919237622 -0.0753057219083 0:
62.3604627193 -9.04185821425 -0.968446936885 0:
62.5558177055 -9.62824140996 -0.978079006686 0:
48.2681662518 -7.86097224293 -0.759830302169 0:
48.3430218596 -7.8731632562 -0.0770572634128 0:
48.0505898025 -8.0408972869 -1.43957995815 0:
48.1779551025 -8.27850650457 -0.763591639555 0:
48.2133329583 -8.28458554649 -0.081039367335 0:
52.4035490431 -9.47609190357 -0.836259480887 0:
50.7725342295 -9.41015550835 -1.53438626782 0:
50.033361851 -9.95227833555 -0.809479966708 0:
21.7628894748 -4.72519029375 -0.0460260443343 0:
46.7213177274 -10.1442006262 -0.0988102909574 0:
22.0624476181 -4.89112325933 -0.994845896856 0:
22.0836165592 -4.8958162971 -0.679531051305 0:
45.7083674141 -10.3427245572 -0.755047725752 0:
44.7403813204 -10.5349554279 -0.74424017251 0:
44.4559338557 -10.6729043217 -1.38081800143 0:
44.1222271221 -10.7966509438 -0.739122574978 0:
43.81787627 -10.9250191448 -1.36750717483 0:
40.6828798489 -10.332117127 -0.686325630162 0:
43.3866729594 -11.0187918956 -0.731938981952 0:
43.198202359 -11.1718266544 -1.35469633143 0:
42.8053472369 -11.269704467 -0.727261406461 0:
66.5809115944 -17.5292865319 -0.169779108434 0:
42.5776119957 -11.4086190529 -1.34177794313 0:
42.2422777476 -11.5165798717 -0.722813082081 0:
66.6665830164 -18.1754173549 -0.175820614284 0:
41.9754728587 -11.6408273326 -1.32936725534 0:
41.6397147948 -11.7435980756 -0.717604377905 0:
66.8519175689 -18.8541649333 -0.182159335798 0:
41.449429399 -11.8854469626 -1.31930019184 0:
41.0748304599 -11.9722211394 -0.712968218457 0:
41.1140336589 -12.178516997 -1.31527945536 0:
41.1697951125 -12.3907176607 -0.719782082168 0:
42.6501575255 -13.0394629913 -1.37144739114 0:
42.5878708444 -13.2238715746 -0.749985009786 0:
42.6109003924 -13.4351831308 -1.37732421417 0:
42.5564946019 -13.6224440324 -0.754907795123 0:
42.8917279155 -14.1435903176 -0.766439396749 0:
57.2964748652 -20.0088324121 -0.191555528946 0:
29.5469272004 -10.4631088948 -0.975728070995 0:
29.3979879772 -10.5549718842 -0.537095353026 0:
57.1855465392 -20.5317396677 -0.196298813318 0:
57.0886347086 -21.0610980108 -0.201091237476 0:
57.220593061 -21.6789552222 -0.206712888619 0:
39.0975043522 -15.2041669342 -0.144780069582 0:
90.2364808433 -35.0909998229 -0.334150329844 0:
39.1897724451 -15.6351287196 -0.737892693472 0:
38.7834193739 -15.8667267129 -0.735843114024 0:
38.6157811178 -16.1929225381 -0.738314526973 0:
38.849593778 -16.6911003689 -0.748553112687 0:
70.4235448159 -30.987126782 -0.293102990462 0:
62.0347760799 -28.598424249 -0.2697910098 0:
61.5838429668 -29.0448533578 -0.273640036313 0:
33.9636896266 -17.4924400959 -0.697442785606 0:
33.9423658089 -17.4814576141 -0.163838276764 0:
33.9512745823 -17.8626354152 -0.702929771196 0:
37.0098289452 -19.471819228 -0.182256419657 0:
55.5943915431 -29.2496337614 -0.273776859944 0:
20.4271735933 -10.8613158687 -1.07144602661 0:
27.9042282148 -14.8369345043 -1.02167619782 0:
28.166116447 -15.1342179387 -0.587989522549 0:
28.1089409695 -15.1034964106 -0.141186929838 0:
19.9979559565 -10.858008393 -1.05537258856 0:
28.0107821262 -15.2086197251 -1.03250701424 0:
19.6577582616 -10.8964609216 -1.04387715399 0:
36.429181923 -20.4013314044 -0.773292535595 0:
19.4575282972 -11.0085365192 -1.03976741172 0:
36.3365365227 -20.7680198026 -0.777860536297 0:
19.2828008976 -11.1329360584 -1.03702664496 0:
19.0815812609 -11.2398995044 -1.03286771422 0:
19.3418487266 -11.5071974479 -0.421182540261 0:
19.3020473765 -11.4835181192 -0.106670898375 0:
18.9912711817 -11.4111051977 -1.03474492928 0:
19.2074138567 -11.5409767991 -0.733149003587 0:
19.155202784 -11.6236521372 -0.420734234487 0:
19.1669066977 -11.6307542401 -0.107904801414 0:
18.8227719265 -11.5346168667 -1.03241016118 0:
18.6789946002 -11.6719218835 -1.03145541516 0:
18.5763695022 -11.8344523835 -1.03282762437 0:
18.4974630146 -12.012402058 -1.03559587631 0:
18.3335793182 -12.1347235415 -1.03366046345 0:
18.2931802855 -12.3389073485 -1.03875910918 0:
18.2506087044 -12.5433068106 -1.04385639561 0:
18.1731408626 -12.7249637738 -1.04706644613 0:
18.2565188103 -13.0222514939 -1.05971078964 0:
46.4700650503 -33.4536452434 -0.307040963566 0:
43.5554872709 -32.524458898 -0.297828795967 0:
43.3496095067 -32.9637990405 -0.301510259098 0:
30.7630412946 -25.5853317177 -0.791511972854 0:
30.2360051151 -26.0530261888 -0.793864649946 0:
29.9849355385 -26.2960659254 -0.795397761903 0:
30.0824789864 -26.8496410574 -0.806308328316 0:
30.1849313369 -26.9410832832 -0.244032201196 0:
29.75817993 -27.0304487446 -0.80601979812 0:
29.8302278626 -27.0958925302 -0.245180866464 0:
28.8016606513 -26.6239676177 -0.788411072762 0:
28.429827535 -26.7441165223 -0.786598864534 0:
28.5853198094 -27.3645153781 -0.799493286231 0:
28.0732839225 -27.3477718074 -0.793792780199 0:
27.8903288646 -27.6480045035 -0.797372434563 0:
7.70003683398 7.70003431765 -0.10490120312 0:
7.68617992379 7.68617741198 0.0470634745567 0:
29.628284682 26.212911041 0.204062629835 0:
39.77964541 27.3398167303 0.327310569278 0:
39.9735044396 27.2169746844 1.00604763511 0:
14.188266689 8.6096439846 0.35653726189 0:
14.1911716581 8.61140676157 0.588575021508 0:
14.2799982928 8.58028729002 0.126169638724 0:
14.1940823779 8.44459652351 0.356672124209 0:
14.1970076692 8.44633688998 0.587593720639 0:
14.4578560526 8.51631984047 -0.105331563252 0:
14.258566007 8.31534803952 0.35830490772 0:
14.2614874926 8.31705179923 0.589087316508 0:
37.3636880731 21.139351225 -0.259891051621 0:
37.4589403639 21.193242362 0.3403894819 0:
49.5303972145 28.02294198 0.450082839566 0:
57.8464390662 28.8411524248 0.554088587047 0:
58.0778713889 28.3264989116 0.560994067798 0:
73.9568476437 35.2756105001 -0.423781138561 0:
74.2528561404 34.6246471635 -0.414805721344 0:
112.006341367 41.8773916369 -0.4898604915 0:
60.5522189754 21.442651436 0.647361218851 0:
56.7987862381 19.8350316965 1.44975842248 0:
56.4256146204 19.4289251154 0.607687066499 0:
142.038789152 38.05911981 -0.433907157833 0:
142.375204818 36.8207708018 -0.418916020045 0:
108.222533262 27.9882799672 1.24240848238 0:
201.576260712 41.0111823046 2.41090092197 0:
44.6104065423 8.06686417178 1.80948350839 0:
44.6707945885 7.87666978092 -0.0882269587702 0:
44.7070428466 7.88306132964 0.54558590728 0:
44.6896759837 7.67910909731 1.18056933162 0:
44.5509024822 7.6552633917 1.80876488881 0:
44.7871549106 7.49478651333 -0.0838458845578 0:
51.3619862662 8.5950340613 0.630996257118 0:
51.2964264195 8.35415586624 1.35824016885 0:
51.2727089262 8.3502932261 2.08375200209 0:
51.5770033329 8.16901422705 -0.0912893909018 0:
283.50561158 44.9029843687 -0.501794461211 0:
321.579717971 42.3368731862 4.05691489088 0:
103.107300143 6.30631016822 -0.071478842496 0:
103.018402016 6.30087292795 1.36976144805 0:
88.5096551309 2.31770345262 -0.0282720610796 0:
75.9284320017 1.32533627861 -0.0172483279917 0:
78.5630200588 1.02844867415 2.18040651231 0:
47.4111748594 0.206871440334 1.32007676391 0:
47.2582372824 0.206204120511 1.97648395418 0:
47.3199999543 0.0 -0.00207976131933 0:
47.445403825 0.0 0.660420990602 0:
47.4210502779 -0.206914530218 1.32467993143 0:
47.0882075794 -0.205462221799 1.97367480568 0:
68.758974021 -0.300019310507 2.88199236424 0:
68.7534757846 -0.900034405002 2.88823572663 0:
71.2798910222 -1.55533163895 3.00127961977 0:
65.8806352878 -2.01283796765 2.78051746843 0:
66.3222640274 -2.60580830795 1.87804615152 0:
60.1298563871 -2.36250799979 2.54397854048 0:
69.2668518669 -3.02425389264 0.996353774422 0:
65.8175770347 -3.16144793888 1.87034761843 0:
57.8014515359 -2.77640545361 2.45156543862 0:
56.9069857442 -3.23141279068 2.41980265534 0:
59.9867729825 -3.93173799592 1.7170042167 0:
56.1187189131 -3.67821252024 2.39253844544 0:
57.2984299492 -4.25800926156 1.64611132357 0:
56.2038352951 -4.17666682025 2.40259284928 0:
57.5289744715 -4.27514168058 2.45923969363 0:
42.518512044 -3.34627877046 0.0324338717739 0:
58.552577474 -4.60818682352 0.864803649342 0:
52.1923643612 -4.33684896841 2.23724013274 0:
58.6260367216 -5.12911581001 0.0498931417231 0:
58.4195270439 -5.36800127739 1.69101219624 0:
51.9633070319 -4.7747579044 2.23367617696 0:
52.5720711424 -5.2937062637 1.52761572205 0:
52.2673898901 -5.26302660778 2.25319883739 0:
61.2426248052 -6.4368744086 0.062887332469 0:
56.0726575624 -6.14095031121 2.42433561217 0:
140.646167701 -17.892399443 4.13559587495 0:
49.3460101673 -6.27758679292 2.1464586245 0:
114.617536995 -15.0897207053 1.7620846385 0:
49.2150715245 -6.69787642328 1.45302658348 0:
48.2247518204 -6.9922728178 1.42966174355 0:
48.4878011187 -7.46297101905 1.44347020725 0:
48.6929752599 -7.71222796888 0.0754989764894 0:
48.7168147689 -7.71600378516 0.764293371857 0:
47.8879606014 -7.7990518035 1.4316495412 0:
48.2194424294 -8.06915347763 0.0789553600795 0:
48.2235165764 -8.06983525485 0.761713832676 0:
48.1233465543 -8.26912301743 1.44486017975 0:
48.0003113543 -8.24798165307 2.12212359189 0:
52.0623607694 -9.41439510064 1.56992229355 0:
48.7914715395 -8.82292281461 2.16454106294 0:
51.3868671645 -9.29224613177 2.27968086561 0:
51.8111497543 -9.83665978842 1.56923081378 0:
52.1869940425 -9.90801609713 2.32331010236 0:
52.2159347354 -10.3864201167 2.33292453071 0:
51.4188950654 -10.6951355174 2.30569003121 0:
46.8922948396 -9.96728896353 0.0971359615349 0:
52.0361085337 -11.2981557552 2.34202587497 0:
41.8386455617 -9.2753975437 0.688721984688 0:
41.1603381934 -9.31361290502 1.26947802808 0:
51.0778869599 -11.5577200779 2.30758971838 0:
41.1670348535 -9.50416742324 0.092428138776 0:
41.190991911 -9.50969835073 0.682805000176 0:
41.038475108 -9.66327271539 1.27166081983 0:
41.1630572386 -9.69260789661 1.8668076846 0:
50.7998608586 -11.9617726558 2.30385148698 0:
40.9897208604 -9.8407418532 0.684239406385 0:
41.1660809404 -10.0732858613 1.28167545254 0:
41.2029095784 -10.0822977806 1.87593009983 0:
40.7858078595 -10.1690398904 0.685642000421 0:
49.8664813983 -12.6644507084 2.27941247023 0:
66.5502684284 -17.2110880102 0.166798133717 0:
66.8125716528 -17.2789243089 1.13112504323 0:
49.0872816709 -12.9235993452 2.25287774255 0:
66.890958518 -17.9233505132 1.14051520265 0:
66.8179132637 -18.5302448801 0.179141770916 0:
67.040229493 -18.5918986189 1.15123206423 0:
67.2213472238 -19.2754343972 1.16262900809 0:
67.3572857851 -19.952113106 1.17338581215 0:
36.3784715365 -11.2958038554 1.70543951192 0:
36.3164425551 -11.6249872267 1.71013804234 0:
36.2988732264 -11.9695898686 1.71706752098 0:
29.4668248757 -10.4347431923 0.0998311411043 0:
29.3966634655 -10.40989775 0.5350756285 0:
29.2469566475 -10.5007460154 0.968483338383 0:
29.2877921885 -10.5154074945 1.40496759747 0:
39.2568302026 -15.069278807 0.143592060932 0:
40.2493029282 -15.6520762858 1.95934217029 0:
40.649198259 -16.2173803897 1.98880722999 0:
40.4690069049 -16.5563192536 1.99014394064 0:
82.3815232677 -34.9689083973 1.58119246185 0:
39.2558041637 -16.865622099 1.95077694138 0:
71.4201415334 -31.0543295804 0.293934776965 0:
62.0544107061 -28.9364232882 0.272798821664 0:
65.7474519823 -31.0085407062 2.32289928834 0:
65.7207443558 -30.9959445598 3.33808061052 0:
64.2048937092 -30.9687420567 2.28277007444 0:
65.4832300674 -31.5853378744 2.32822062837 0:
64.3948645642 -31.0603730534 3.28930745543 0:
62.1123332494 -30.6304185517 2.22252506383 0:
34.4930037216 -17.0100700751 1.77206385384 0:
34.2815901151 -17.2793621846 1.23463422631 0:
34.28961609 -17.2834076133 1.77190566165 0:
34.1519687579 -17.4013016187 0.163192931664 0:
34.0842494906 -17.3667969199 0.69706628233 0:
34.1294331131 -17.5778035544 1.23722171975 0:
33.9953001705 -17.508720587 1.76710772944 0:
34.0697594094 -17.7356139017 0.166112361491 0:
55.6416560206 -28.9652449897 0.271289467231 0:
55.9521428764 -29.1268743963 1.15368775905 0:
55.8401542099 -29.378935797 2.0376970449 0:
34.0709550255 -17.9256023627 1.78168560189 0:
55.7830114715 -29.3488715383 2.91708255006 0:
55.5015561494 -29.5106873102 0.276042516779 0:
55.5633670147 -29.5435527151 1.15513590248 0:
28.1121177044 -15.1052033339 1.03274896173 0:
28.1054748852 -15.1016340142 1.47869252267 0:
28.0955014711 -15.2546185942 0.142508360658 0:
28.0998009146 -15.2569530024 0.589044683835 0:
55.5815680898 -30.4930808782 2.05577412074 0:
55.6122904278 -30.5099357237 2.94397274246 0:
55.3364935131 -30.6734842845 1.16972112817 0:
55.4701908059 -31.0648135906 2.06576584703 0:
55.4483343861 -31.0525734018 2.95369242322 0:
55.4321222234 -31.3619763267 1.18163729185 0:
55.3357324478 -31.6269434912 2.07510478449 0:
55.2965117082 -31.6045270152 2.96433214268 0:
55.3121099884 -31.9344781408 1.18911500758 0:
55.1783773733 -32.1790712959 2.08378045576 0:
55.1564953483 -32.166310079 2.97588924388 0:
55.2035773831 -32.5173607777 1.19695119325 0:
19.3177305205 -11.4928486148 0.734723250546 0:
55.0585382998 -32.7564071236 2.09407560516 0:
19.3327856106 -11.5018054574 1.0498913072 0:
19.2174720108 -11.5470203469 0.107194319789 0:
19.214315891 -11.5451239591 0.420211389511 0:
19.1483135028 -11.6194716224 0.733532013599 0:
19.1803902729 -11.6389362672 1.0485187406 0:
19.2151071808 -11.7750403738 0.423887044332 0:
54.7587239482 -33.8857237279 2.1130023653 0:
54.7877587636 -33.9036910153 3.01516586547 0:
54.7911240522 -34.2372667017 1.21930057497 0:
54.6298641804 -34.4689014693 2.12359862701 0:
54.6585993283 -34.4870320101 3.02855454035 0:
54.6757014667 -34.832262863 1.22749051706 0:
54.4782066976 -35.0415346226 2.13352907448 0:
33.1509315574 -21.3233802351 1.84953838164 0:
54.4562438811 -35.0274076746 3.03819254684 0:
54.4869711682 -35.3842796754 1.23414941189 0:
54.3708180457 -35.6470721787 2.14543471886 0:
33.7988518071 -22.1594994012 1.8988951543 0:
54.4095199723 -36.012852233 1.24346709819 0:
33.074412227 -22.0996337695 1.31508292273 0:
33.5044186236 -22.3869550926 1.89572529032 0:
54.2257268785 -36.5757188974 1.25049255728 0:
32.8554640429 -22.3704762852 1.31650039778 0:
54.095443438 -36.8322551459 2.16757470572 0:
32.2921226973 -21.9869110372 1.84028659411 0:
34.9919125667 -24.0492962357 0.221371849892 0:
54.0692023603 -37.1607657145 1.25827168522 0:
53.9607203553 -37.4338904794 2.17912879687 0:
31.8609118991 -22.1027050557 1.82896751635 0:
33.2069164204 -23.0364617866 1.90623456238 0:
53.9557615803 -37.7802118349 1.26719611505 0:
53.8440874877 -38.0532742086 2.19168077512 0:
30.9162481314 -21.8494643059 1.78787891651 0:
32.9555784831 -23.2907218459 1.90581288198 0:
46.6155878892 -33.2505838237 0.305354108085 0:
46.640131659 -33.2680907289 1.10555781486 0:
29.9953843545 -21.5935774148 1.23074443132 0:
53.6883312716 -38.6500510841 2.20289275037 0:
30.1325415658 -21.692316435 1.75563278406 0:
29.8057391582 -21.8544788437 1.23291025672 0:
53.5423269952 -39.2588704593 2.21477091275 0:
29.8856167008 -21.913047499 1.75449813819 0:
43.7693617834 -32.387612011 0.296744497051 0:
43.8180241785 -32.4236202758 1.05830302768 0:
53.389770838 -39.8680744035 2.22663720021 0:
29.6611501382 -22.1490544357 1.75475356811 0:
53.38366741 -39.8635167529 3.15817763067 0:
46.0805638665 -34.7242083032 0.317791529318 0:
46.040589174 -34.6940852007 1.12258656749 0:
49.6665920929 -37.7673427605 2.0886241131 0:
49.6305869903 -37.7399638526 2.95911530815 0:
43.1736358041 -33.128263717 0.30284410427 0:
43.1026166373 -33.0737688466 1.06106234568 0:
33.0875714349 -25.6191460433 1.40316519111 0:
47.7703294302 -36.9877568262 2.02582602825 0:
32.9029980064 -25.4762339643 1.97732779024 0:
45.8602230222 -36.1532520704 1.9614303694 0:
32.5538458046 -25.6633595668 1.97207988603 0:
44.1554758705 -35.4385098705 1.9048540122 0:
32.3830887779 -25.99017197 1.97773157286 0:
44.1771701851 -35.4559213957 2.69803121234 0:
31.4921526649 -25.7301820647 1.37045665853 0:
42.5674218866 -34.7790615276 1.85242359841 0:
32.3638058791 -26.4423530026 1.99289656244 0:
31.6767267985 -26.1122755821 0.810952070192 0:
31.481530245 -26.182892211 1.38213924815 0:
31.4405857142 -26.1488390303 1.95227746987 0:
40.9249832122 -34.0369231051 2.54120337981 0:
39.9781723486 -33.8440194647 1.7709269156 0:
31.089131226 -26.3188910483 1.94686763921 0:
39.9477801923 -33.8182906064 2.50161511266 0:
39.9742723526 -34.1412299385 1.04420695539 0:
39.8023653919 -34.2959350611 1.77917045063 0:
30.4344341706 -26.2240037158 1.92230222195 0:
39.8105817308 -34.6068111904 1.05061957306 0:
30.2591981315 -26.5365876105 1.36504447851 0:
39.5991989453 -34.7275432599 1.78638798157 0:
29.4533914994 -25.8299146115 1.87660340654 0:
39.6366650519 -34.7604001325 2.52542396219 0:
39.6118468831 -35.0456271654 1.05622113925 0:
29.9816724485 -26.7596677756 1.36513652489 0:
39.4138573894 -35.1782153349 1.79460623491 0:
29.3162049789 -26.1657153057 1.88442781059 0:
30.0002138648 -27.0122983663 0.244550679198 0:
29.8833027138 -26.9070311537 0.805166698146 0:
29.5250120487 -26.8186537867 1.35704553774 0:
29.6633758991 -26.9443347583 1.92389051168 0:
29.7633286681 -27.2730696191 0.246657954198 0:
29.757888364 -27.2680844981 0.810276448127 0:
29.6714459462 -27.4279884624 1.37682401461 0:
29.874480192 -27.6156712926 1.95525760806 0:
39.0317402261 -36.3977173676 1.07416262684 0:
38.8650984444 -36.5606411144 1.82091850817 0:
29.4358375018 -27.6904763883 1.9443734093 0:
38.8576572214 -36.8745232606 1.08092995428 0:
38.6888792213 -37.0365781273 1.83046584675 0:
29.4238820616 -28.1672648244 1.9618248492 0:
38.6781767629 -37.3510907815 1.08768549332 0:
38.5216573063 -37.5261225785 1.84069079395 0:
29.1268235919 -28.3740843168 1.96050672836 0:
38.4648027098 -37.7992928585 1.09362328856 0:
38.2920065179 -37.9593074645 1.84816494084 0:
38.2628543359 -37.9304085705 2.60032377647 0:
